image_width: 640
image_height: 480
camera_name: narrow_stereo
camera_matrix:
  rows: 3
  cols: 3
  data: [537.316646, 0.000000, 296.899174, 0.000000, 535.105669, 230.408263, 0.000000, 0.000000, 1.000000]
distortion_model: plumb_bob
distortion_coefficients:
  rows: 1
  cols: 5
  data: [0.089895, -0.199778, -0.003579, -0.002703, 0.000000]
rectification_matrix:
  rows: 3
  cols: 3
  data: [1.000000, 0.000000, 0.000000, 0.000000, 1.000000, 0.000000, 0.000000, 0.000000, 1.000000]
projection_matrix:
  rows: 3
  cols: 4
  data: [539.372192, 0.000000, 293.937986, 0.000000, 0.000000, 539.759583, 228.642684, 0.000000, 0.000000, 0.000000, 1.000000, 0.000000]
