# oST version 5.0 parameters


[image]

width
640

height
480

[narrow_stereo]

camera matrix
537.316646 0.000000 296.899174
0.000000 535.105669 230.408263
0.000000 0.000000 1.000000

distortion
0.089895 -0.199778 -0.003579 -0.002703 0.000000

rectification
1.000000 0.000000 0.000000
0.000000 1.000000 0.000000
0.000000 0.000000 1.000000

projection
539.372192 0.000000 293.937986 0.000000
0.000000 539.759583 228.642684 0.000000
0.000000 0.000000 1.000000 0.000000

